% -------------------------------------------------------------------
%  Generated by MATLAB on 29-Aug-2023 21:59:06
%  MATLAB version: 9.14.0.2306882 (R2023a) Update 4
% -------------------------------------------------------------------
                                                 

backward_diff = [NaN 0.71904124504015121 0.73069393841732122 0.74205811747257222 ...
                 0.75312724124238306 0.76389497670129 0.77435520364415567 ...
                 0.78450201939039144 0.79432974330603245 0.80383292113975036 ...
                 0.81300632916904714 0.82184497815305024 0.8303441170885093 ...
                 0.83849923676576388 0.84630607312164474 0.85376061038645 ...
                 0.86085908402232647 0.86759798345057659 0.87397405456560529 ...
                 0.87998430203341216 0.88562599137273479 0.890896650817143 ...
                 0.89579407295658808 0.90031631615710606];

central_diff = [NaN 0.70696936669932275 0.70655721937073646 0.7058706275199933 ...
                0.70491007141229267 0.70367622285888554 0.70216994465764415 ...
                0.70039228987467717 0.69834450096762479 0.69602800875143844 ...
                0.69344443120757615 0.6905955721376974 0.6874834196630768 ...
                0.68411014457109354 0.68047809851029928 0.67658981203569668 ...
                0.672447992505998 0.66805552183477268 0.66341545409751457 ...
                0.65853101299679728 0.65340558918781166 0.64804273746670393 ...
                0.64244617382425739 0.63661977236758138];

dh = [0 0.034147746234671664 0.068295492469343327 0.10244323870401499 0.13659098493868665 ...
      0.17073873117335833 0.20488647740802998 0.23903422364270166 0.27318196987737331 ...
      0.30732971611204496 0.34147746234671666 0.37562520858138826 0.40977295481605996 ...
      0.44392070105073167 0.47806844728540332 0.512216193520075 0.54636393975474662 ...
      0.58051168598941838 0.61465943222408992 0.64880717845876157 0.68295492469343333 ...
      0.717102670928105 0.75125041716277652 0.78539816339744828];

dh2 = [0.78539816339744828 0.39269908169872414 0.39269908169872414 0.39269908169872414 ...
       0.39269908169872414 0.39269908169872414 0.39269908169872414 0.39269908169872414 ...
       0.39269908169872414 0.39269908169872414 0.39269908169872414 0.39269908169872414 ...
       0.39269908169872414 0.39269908169872414 0.39269908169872414 0.39269908169872414 ...
       0.39269908169872414 0.39269908169872414 0.39269908169872414 0.39269908169872414 ...
       0.39269908169872414 0.39269908169872414 0.39269908169872414 0.39269908169872414 ...
       ];

dx = 0.5;

e_backward = [NaN 0.016877880641417736 0.0333572776535867 0.049428653798758937 ...
              0.065082758757611825 0.080310636279643743 0.095103631087744778 ...
              0.10945339553097229 0.12335189597973023 0.13679141895781746 ...
              0.14976457700603121 0.16226431427226357 0.174283911823283 ...
              0.18581699267363214 0.1968575265273462 0.20739983422844943 ...
              0.21743859191645379 0.2269688348833534 0.23598596112888232 ...
              0.24448573461107334 0.25246428818943911 0.259918126258371 ...
              0.26684412706864052 0.2732395447351626];

e_central = [NaN 0.0001943334314998826 0.00077719777328246658 0.0017481852804182825 ...
             0.0031066167553488212 0.0048515421134916158 0.0069817411743941316 ...
             0.0094957246776834446 0.012391735522914086 0.015667750232176529 ...
             0.019321480634149155 0.023350375768061284 0.027751624005842725 ...
             0.032522155390540805 0.03765864418887982 0.043157511655654686 ...
             0.049014929007456368 0.055226820603029206 0.061788867327389474 ...
             0.06869651017663643 0.075944954040213855 0.0835291716772003 ...
             0.09144390788303236 0.09968368384289393];

e_forward = [NaN 0.017266547504417657 0.034911673200151795 0.0529250243595955 ...
             0.071295992268309474 0.090013720506626815 0.10906711343653321 ...
             0.12844484488633917 0.14813536702555857 0.16812691942217051 ...
             0.18840753827432952 0.20896506580838631 0.22978715983496878 ...
             0.250861303454714 0.2721748149051057 0.2937148575397589 0.31546844993136658 ...
             0.33742247608941184 0.35956369578366143 0.38187875496434642 ...
             0.40435419626986685 0.42697646961277164 0.4497319428347053 ...
             0.47260691242095043];

forward_diff = [NaN 0.69489748835849419 0.68242050032415158 0.66968313756741438 ...
                0.65669290158220228 0.64345746901648115 0.62998468567113253 ...
                0.61628256035896289 0.602359258629217 0.58822309636312653 ...
                0.57388253324610516 0.55934616612234445 0.54462272223764407 ...
                0.529721052376423 0.51465012389895393 0.49941901368494329 ...
                0.48403690098966939 0.46851306021896877 0.45285685362942374 ...
                0.43707772396018224 0.42118518700288854 0.40518882411626489 ...
                0.3890982746919267 0.37292322857805671];

h = 0.78539816339744828;

h0 = 0.78539816339744828;

i = 24;

j = 24;

n = 23;

